ATMOFX_BODY
{
	name = Esker
	strength_multiplier = 2
	length_multiplier = 1.10000002
	opacity_multiplier = 0.5
	wrap_fresnel_modifier = 0
	particle_threshold = 2600
	streak_probability = 0.0578571446
	streak_threshold = -0.318181813
	Color
	{
		glow = 191 15 36 0.5
		glow_hot = 191 90 65 1.5
		trail_primary = 191 37 61 2
		trail_secondary = 191 15 58 1.5
		trail_tertiary = 191 9 27 1
		trail_streak = 90 156 191 0.5
		wrap_layer = 191 15 36 2
		wrap_streak = 191 8 27 1.5
		shockwave = 25 117 191 3
	}
}
